{"TourSize": 20, "OptTour": [0, 1, 2, 3, 4, 5, 6, 7, 8, 9, 10, 11, 12, 13, 14, 15, 16, 17, 18, 19], "OptDistance": 62580, "DistanceMatrix": [[0, 3129, 6180, 9080, 11756, 14142, 16180, 17820, 19021, 19754, 20000, 19754, 19021, 17820, 16180, 14142, 11756, 9080, 6180, 3129], [3129, 0, 3129, 6180, 9080, 11756, 14142, 16180, 17820, 19021, 19754, 20000, 19754, 19021, 17820, 16180, 14142, 11756, 9080, 6180], [6180, 3129, 0, 3129, 6180, 9080, 11756, 14142, 16180, 17820, 19021, 19754, 20000, 19754, 19021, 17820, 16180, 14142, 11756, 9080], [9080, 6180, 3129, 0, 3129, 6180, 9080, 11756, 14142, 16180, 17820, 19021, 19754, 20000, 19754, 19021, 17820, 16180, 14142, 11756], [11756, 9080, 6180, 3129, 0, 3129, 6180, 9080, 11756, 14142, 16180, 17820, 19021, 19754, 20000, 19754, 19021, 17820, 16180, 14142], [14142, 11756, 9080, 6180, 3129, 0, 3129, 6180, 9080, 11756, 14142, 16180, 17820, 19021, 19754, 20000, 19754, 19021, 17820, 16180], [16180, 14142, 11756, 9080, 6180, 3129, 0, 3129, 6180, 9080, 11756, 14142, 16180, 17820, 19021, 19754, 20000, 19754, 19021, 17820], [17820, 16180, 14142, 11756, 9080, 6180, 3129, 0, 3129, 6180, 9080, 11756, 14142, 16180, 17820, 19021, 19754, 20000, 19754, 19021], [19021, 17820, 16180, 14142, 11756, 9080, 6180, 3129, 0, 3129, 6180, 9080, 11756, 14142, 16180, 17820, 19021, 19754, 20000, 19754], [19754, 19021, 17820, 16180, 14142, 11756, 9080, 6180, 3129, 0, 3129, 6180, 9080, 11756, 14142, 16180, 17820, 19021, 19754, 20000], [20000, 19754, 19021, 17820, 16180, 14142, 11756, 9080, 6180, 3129, 0, 3129, 6180, 9080, 11756, 14142, 16180, 17820, 19021, 19754], [19754, 20000, 19754, 19021, 17820, 16180, 14142, 11756, 9080, 6180, 3129, 0, 3129, 6180, 9080, 11756, 14142, 16180, 17820, 19021], [19021, 19754, 20000, 19754, 19021, 17820, 16180, 14142, 11756, 9080, 6180, 3129, 0, 3129, 6180, 9080, 11756, 14142, 16180, 17820], [17820, 19021, 19754, 20000, 19754, 19021, 17820, 16180, 14142, 11756, 9080, 6180, 3129, 0, 3129, 6180, 9080, 11756, 14142, 16180], [16180, 17820, 19021, 19754, 20000, 19754, 19021, 17820, 16180, 14142, 11756, 9080, 6180, 3129, 0, 3129, 6180, 9080, 11756, 14142], [14142, 16180, 17820, 19021, 19754, 20000, 19754, 19021, 17820, 16180, 14142, 11756, 9080, 6180, 3129, 0, 3129, 6180, 9080, 11756], [11756, 14142, 16180, 17820, 19021, 19754, 20000, 19754, 19021, 17820, 16180, 14142, 11756, 9080, 6180, 3129, 0, 3129, 6180, 9080], [9080, 11756, 14142, 16180, 17820, 19021, 19754, 20000, 19754, 19021, 17820, 16180, 14142, 11756, 9080, 6180, 3129, 0, 3129, 6180], [6180, 9080, 11756, 14142, 16180, 17820, 19021, 19754, 20000, 19754, 19021, 17820, 16180, 14142, 11756, 9080, 6180, 3129, 0, 3129], [3129, 6180, 9080, 11756, 14142, 16180, 17820, 19021, 19754, 20000, 19754, 19021, 17820, 16180, 14142, 11756, 9080, 6180, 3129, 0]]}