{
    "TourSize": 48,
    "OptTour": [34, 44,  9, 23, 41,  4, 47, 38, 31, 20, 46, 19, 32, 45, 35, 29, 42, 16, 26, 18, 36,  5, 27,  6, 17, 43, 30, 37,  7,  0,  8, 39, 14, 11, 10, 12, 24, 13, 22,  2, 21, 15, 40, 33, 28,  1, 25,  3],
    "OptDistance": 17357978.0,
    "DistanceMatrix": [[0, 2399257, 618109, 3223293, 1856710, 1585403, 1222709, 285557, 234444, 2873251, 874699, 822226, 1208773, 1122092, 658590, 508092, 1944465, 1142605, 1725952, 1157571, 1511593, 368775, 869391, 2688419, 1312179, 3078506, 1756491, 1344184, 1841366, 1578197, 796458, 2188229, 890419, 1090740, 3432419, 1210398, 1673526, 519771, 1798785, 423987, 1115104, 2446665, 1770814, 983854, 3478758, 784158, 1215945, 1901935], [2399257, 0, 1813867, 1012102, 937629, 3538445, 3293923, 2634037, 2547415, 1180421, 2103063, 2395629, 1846513, 1583888, 2486435, 1998482, 3791805, 3210504, 3676069, 2591905, 2057745, 2037618, 1862723, 1456241, 1579499, 930922, 3639715, 3359879, 608856, 3454323, 3041308, 1943666, 2662666, 1345191, 1577401, 3181321, 3642124, 2849261, 1571849, 2311119, 1397155, 808158, 3569240, 3131415, 1758506, 2767033, 2229601, 1063913], [618109, 1813867, 0, 2607102, 1241692, 1869224, 1560286, 891330, 735023, 2261998, 605663, 779455, 766018, 560796, 766067, 488144, 2188052, 1474143, 2014249, 1109202, 1132072, 332202, 424409, 2102899, 771025, 2461280, 2010279, 1652995, 1236055, 1819144, 1241567, 1708646, 1002088, 478297, 2821245, 1484225, 1969827, 1035441, 1264146, 524288, 710028, 1829672, 1981276, 1362150, 2875993, 1029990, 956138, 1295665], [3223293, 1012102, 2607102, 0, 1416575, 4087186, 3911892, 3485223, 3328899, 709152, 2715158, 3009717, 2369391, 2213023, 3149755, 2894622, 4275092, 3835400, 4211267, 3109359, 2435413, 2886102, 2518622, 1176640, 2116471, 161994, 4151308, 3950110, 1401410, 3981589, 3750040, 2005818, 3270461, 2132836, 717455, 3773868, 4187777, 3608826, 1861027, 3039528, 2346062, 849702, 4054604, 3794088, 948185, 3419669, 2715986, 1440514], [1856710, 937629, 1241692, 1416575, 0, 2700860, 2503301, 2132993, 1935192, 1023179, 1301026, 1597184, 973959, 797052, 1733215, 1618836, 2920396, 2425074, 2831235, 1727887, 1130068, 1553334, 1102806, 949424, 710328, 1260394, 2781554, 2548749, 458096, 2603546, 2334394, 1062433, 1860733, 803686, 1581609, 2370884, 2803274, 2203493, 639010, 1631095, 1237061, 593361, 2697375, 2378466, 1650866, 2004080, 1343913, 156215], [1585403, 3538445, 1869224, 4087186, 2700860, 0, 374631, 1623726, 1351359, 3519029, 1435770, 1147627, 1727084, 1954989, 1103743, 2065271, 368600, 446151, 145226, 977865, 1679441, 1862002, 1681810, 3152630, 1991519, 3925806, 185407, 243526, 2929780, 134044, 838046, 2323842, 885481, 2247028, 4022951, 387407, 103710, 1125571, 2249005, 1358934, 2567766, 3237516, 277127, 619394, 3974928, 846068, 1371419, 2650618], [1222709, 3293923, 1560286, 3911892, 2503301, 374631, 0, 1249588, 988291, 3385055, 1205392, 907984, 1544427, 1725365, 811885, 1712859, 743140, 86151, 507526, 850090, 1576305, 1517736, 1432815, 3052470, 1795927, 3752282, 557660, 134195, 2686424, 413392, 463523, 2273035, 642588, 1971257, 3909840, 167724, 453406, 751388, 2119647, 1038080, 2242924, 3065245, 615364, 245281, 3883044, 533604, 1231481, 2471992], [285557, 2634037, 891330, 3485223, 2132993, 1623726, 1249588, 0, 367994, 3152316, 1142402, 1048539, 1488954, 1407244, 860375, 660306, 1991452, 1179192, 1756074, 1360461, 1779970, 601013, 1153531, 2973361, 1597694, 3342972, 1804320, 1380556, 2093669, 1639963, 789090, 2467019, 1059927, 1354028, 3711602, 1275387, 1701149, 498202, 2083637, 675423, 1296703, 2720463, 1840439, 1004403, 3761214, 908048, 1468991, 2182794], [234444, 2547415, 735023, 3328899, 1935192, 1351359, 988291, 367994, 0, 2936047, 812520, 684817, 1182852, 1161762, 492675, 733819, 1711389, 908187, 1491645, 992510, 1443122, 564217, 876006, 2716559, 1330455, 3179652, 1523311, 1109877, 1970426, 1346390, 568488, 2148413, 696760, 1211941, 3492966, 978189, 1439139, 309875, 1798235, 343576, 1316843, 2528544, 1540582, 750048, 3524066, 564283, 1116889, 1962646], [2873251, 1180421, 2261998, 709152, 1023179, 3519029, 3385055, 3152316, 2936047, 0, 2228564, 2509464, 1852516, 1775772, 2675039, 2637667, 3673252, 3314485, 3634196, 2550828, 1840835, 2576409, 2073500, 468182, 1630424, 572504, 3564083, 3406618, 1238192, 3404861, 3286234, 1323957, 2756031, 1824985, 559288, 3235733, 3616243, 3187916, 1270824, 2616194, 2196103, 476589, 3457206, 3297717, 645247, 2927894, 2158230, 973713], [874699, 2103063, 605663, 2715158, 1301026, 1435770, 1205392, 1142402, 812520, 2228564, 0, 297409, 388193, 521977, 446814, 1041942, 1705845, 1125609, 1574554, 535184, 637763, 827402, 255263, 1953394, 602826, 2557034, 1544310, 1260410, 1494255, 1356014, 1058174, 1336028, 564191, 837425, 2773151, 1081532, 1539478, 993800, 1013238, 471322, 1284062, 1874229, 1486645, 1079572, 2777944, 705473, 364810, 1281608], [822226, 2395629, 779455, 3009717, 1597184, 1147627, 907984, 1048539, 684817, 2509464, 297409, 0, 657080, 818380, 207770, 1128165, 1434381, 828379, 1288640, 351637, 805459, 902719, 534518, 2214065, 894053, 2851069, 1265941, 964847, 1786844, 1075532, 791753, 1532360, 267545, 1103381, 3048510, 786058, 1251216, 783516, 1269336, 404494, 1488053, 2166520, 1219648, 789263, 3043304, 418644, 451650, 1573094], [1208773, 1846513, 766018, 2369391, 973959, 1727084, 1544427, 1488954, 1182852, 1852516, 388193, 657080, 0, 331525, 831436, 1252758, 1952336, 1469924, 1857318, 754912, 374849, 1068990, 354852, 1565722, 268435, 2209168, 1809137, 1580881, 1249002, 1629875, 1441210, 979797, 906659, 755038, 2391994, 1404477, 1829383, 1380891, 625166, 839484, 1307498, 1521327, 1729196, 1445329, 2391661, 1075686, 383647, 928885], [1122092, 1583888, 560796, 2213023, 797052, 1954989, 1725365, 1407244, 1161762, 1775772, 521977, 818380, 331525, 0, 938644, 1036994, 2212140, 1644441, 2092210, 1016254, 688297, 891862, 305755, 1566411, 212672, 2057380, 2056770, 1782382, 975830, 1870664, 1537347, 1159232, 1085776, 425369, 2331676, 1603504, 2058624, 1414362, 703445, 841477, 990330, 1384818, 1990498, 1586812, 2363926, 1213285, 689385, 804380], [658590, 2486435, 766067, 3149755, 1733215, 1103743, 811885, 860375, 492675, 2675039, 446814, 207770, 831436, 938644, 0, 1031993, 1424207, 726946, 1248604, 502268, 1010606, 810046, 635636, 2396693, 1046782, 2992979, 1244846, 893183, 1880824, 1054001, 611370, 1735966, 252067, 1159395, 3219951, 720632, 1204929, 576559, 1453536, 281152, 1470037, 2313927, 1221651, 649603, 3223079, 280627, 659226, 1723243], [508092, 1998482, 488144, 2894622, 1618836, 2065271, 1712859, 660306, 733819, 2637667, 1041942, 1128165, 1252758, 1036994, 1031993, 0, 2415346, 1630020, 2208460, 1479321, 1614463, 225474, 904552, 2530521, 1249543, 2760607, 2228934, 1828334, 1493213, 2044415, 1301854, 2193223, 1283787, 815705, 3192368, 1681801, 2157790, 1027822, 1737602, 751034, 636641, 2180540, 2228671, 1480132, 3269699, 1231946, 1405911, 1701007], [1944465, 3791805, 2188052, 4275092, 2920396, 368600, 743140, 1991452, 1711389, 3673252, 1705845, 1434381, 1952336, 2212140, 1424207, 2415346, 0, 812516, 252937, 1200162, 1840855, 2206782, 1959177, 3279524, 2220687, 4113106, 188169, 610960, 3186284, 372016, 1206623, 2418972, 1187413, 2536572, 4153703, 734896, 307830, 1493466, 2416717, 1691988, 2894225, 3429096, 223156, 987515, 4086094, 1185417, 1576485, 2854417], [1142605, 3210504, 1474143, 3835400, 2425074, 446151, 86151, 1179192, 908187, 3314485, 1125609, 828379, 1469924, 1644441, 726946, 1630020, 812516, 0, 583923, 790596, 1514519, 1433424, 1350355, 2987441, 1718979, 3676090, 625142, 202764, 2603329, 466878, 400530, 2218010, 564942, 1886158, 3841968, 146802, 531009, 681640, 2051581, 951954, 2157144, 2989664, 669821, 178839, 3818512, 448006, 1165351, 2396177], [1725952, 3676069, 2014249, 4211267, 2831235, 145226, 507526, 1756074, 1491645, 3634196, 1574554, 1288640, 1857318, 2092210, 1248604, 2208460, 252937, 583923, 0, 1104429, 1793361, 2006198, 1822194, 3259909, 2123123, 4049653, 117067, 381769, 3067678, 229867, 967687, 2420353, 1028139, 2389592, 4132115, 532527, 55933, 1258073, 2366126, 1504131, 2712991, 3361923, 257391, 752594, 4078481, 991196, 1495729, 2777366], [1157571, 2591905, 1109202, 3109359, 1727887, 977865, 850090, 1360461, 992510, 2550828, 535184, 351637, 754912, 1016254, 502268, 1479321, 1200162, 790596, 1104429, 0, 726560, 1253955, 788612, 2204873, 1022483, 2948023, 1054228, 857193, 1987339, 875940, 920519, 1428692, 332340, 1370131, 3066851, 691261, 1078856, 1012412, 1280387, 750784, 1808842, 2259674, 977396, 829179, 3034564, 542965, 394398, 1673226], [1511593, 2057745, 1132072, 2435413, 1130068, 1679441, 1576305, 1779970, 1443122, 1840835, 637763, 805459, 374849, 688297, 1010606, 1614463, 1840855, 1514519, 1793361, 726560, 0, 1420046, 709936, 1479568, 543098, 2273429, 1724471, 1581148, 1491511, 1564079, 1582514, 727957, 991759, 1112347, 2345441, 1417680, 1775847, 1586892, 575921, 1106613, 1676621, 1592750, 1621692, 1534173, 2308367, 1195092, 361895, 1036764], [368775, 2037618, 332202, 2886102, 1553334, 1862002, 1517736, 601013, 564217, 2576409, 827402, 902719, 1068990, 891862, 810046, 225474, 2206782, 1433424, 2006198, 1253955, 1420046, 0, 714838, 2431901, 1100503, 2745256, 2021524, 1628511, 1492705, 1835012, 1128212, 2030741, 1062106, 759605, 3134929, 1476116, 1956736, 871807, 1594519, 528924, 753055, 2133661, 2015807, 1291890, 3197075, 1021392, 1192210, 1617406], [869391, 1862723, 424409, 2518622, 1102806, 1681810, 1432815, 1153531, 876006, 2073500, 255263, 534518, 354852, 305755, 635636, 904552, 1959177, 1350355, 1822194, 788612, 709936, 714838, 0, 1840553, 454466, 2363112, 1795568, 1497279, 1254355, 1606316, 1231601, 1328665, 800475, 582255, 2626981, 1318866, 1785453, 1114443, 930683, 544093, 1051356, 1689879, 1740693, 1285058, 2650490, 913016, 550340, 1106046], [2688419, 1456241, 2102899, 1176640, 949424, 3152630, 3052470, 2973361, 2716559, 468182, 1953394, 2214065, 1565722, 1566411, 2396693, 2530521, 3279524, 2987441, 3259909, 2204873, 1479568, 2431901, 1840553, 0, 1386115, 1035181, 3182427, 3060681, 1310922, 3032732, 3004426, 882405, 2443173, 1721437, 874179, 2896031, 3246398, 2941168, 944732, 2381223, 2186474, 648325, 3068380, 2990240, 831386, 2630192, 1822122, 836221], [1312179, 1579499, 771025, 2116471, 710328, 1991519, 1795927, 1597694, 1330455, 1630424, 602826, 894053, 268435, 212672, 1046782, 1249543, 2220687, 1718979, 2123123, 1022483, 543098, 1100503, 454466, 1386115, 0, 1957405, 2076591, 1838787, 985614, 1896342, 1657014, 947154, 1154039, 593527, 2179883, 1661177, 2094193, 1563092, 494348, 996837, 1172021, 1272489, 1997557, 1681638, 2197574, 1307973, 650198, 679215], [3078506, 930922, 2461280, 161994, 1260394, 3925806, 3752282, 3342972, 3179652, 572504, 2557034, 2851069, 2209168, 2057380, 2992979, 2760607, 4113106, 3676090, 4049653, 2948023, 2273429, 2745256, 2363112, 1035181, 1957405, 0, 3989471, 3789663, 1268967, 3819951, 3594711, 1850558, 3111188, 1989228, 693236, 3613610, 4026312, 3457184, 1699116, 2886838, 2225130, 688575, 3892637, 3636321, 910264, 3261941, 2554516, 1280433], [1756491, 3639715, 2010279, 4151308, 2781554, 185407, 557660, 1804320, 1523311, 3564083, 1544310, 1265941, 1809137, 2056770, 1244846, 2228934, 188169, 625142, 117067, 1054228, 1724471, 2021524, 1795568, 3182427, 2076591, 3989471, 0, 424492, 3032457, 191409, 1021049, 2335010, 1012937, 2369322, 4055802, 547551, 155010, 1306562, 2299437, 1509448, 2714459, 3302941, 142102, 801067, 3997296, 1000582, 1440091, 2722200], [1344184, 3359879, 1652995, 3950110, 2548749, 243526, 134195, 1380556, 1109877, 3406618, 1260410, 964847, 1580881, 1782382, 893183, 1828334, 610960, 202764, 381769, 857193, 1581148, 1628511, 1497279, 3060681, 1838787, 3789663, 424492, 0, 2751258, 281565, 596692, 2261179, 697403, 2049211, 3924003, 178878, 329730, 882513, 2136967, 1135478, 2344260, 3101378, 482287, 376632, 3889198, 623259, 1248388, 2509698], [1841366, 608856, 1236055, 1401410, 458096, 2929780, 2686424, 2093669, 1970426, 1238192, 1494255, 1786844, 1249002, 975830, 1880824, 1493213, 3186284, 2603329, 3067678, 1987339, 1491511, 1492705, 1254355, 1310922, 985614, 1268967, 3032457, 2751258, 0, 2846492, 2445153, 1518813, 2053963, 758526, 1762026, 2572645, 3033470, 2265954, 1073470, 1715790, 971519, 761933, 2964076, 2527767, 1882595, 2161213, 1632603, 613771], [1578197, 3454323, 1819144, 3981589, 2603546, 134044, 413392, 1639963, 1346390, 3404861, 1356014, 1075532, 1629875, 1870664, 1054001, 2044415, 372016, 466878, 229867, 875940, 1564079, 1835012, 1606316, 3032732, 1896342, 3819951, 191409, 281565, 2846492, 0, 867405, 2198021, 821564, 2178832, 3904354, 368340, 214370, 1144846, 2136437, 1320181, 2523880, 3132317, 203008, 645716, 3852883, 813623, 1266337, 2548296], [796458, 3041308, 1241567, 3750040, 2334394, 838046, 463523, 789090, 568488, 3286234, 1058174, 791753, 1441210, 1537347, 611370, 1301854, 1206623, 400530, 967687, 920519, 1582514, 1128212, 1231601, 3004426, 1657014, 3594711, 1021049, 596692, 2445153, 867405, 0, 2309565, 599330, 1696525, 3831253, 520279, 912526, 292950, 2059974, 730202, 1876781, 2919740, 1070326, 221707, 3832393, 388563, 1220745, 2331241], [2188229, 1943666, 1708646, 2005818, 1062433, 2323842, 2273035, 2467019, 2148413, 1323957, 1336028, 1532360, 979797, 1159232, 1735966, 2193223, 2418972, 2218010, 2420353, 1428692, 727957, 2030741, 1328665, 882405, 947154, 1850558, 2335010, 2261179, 1518813, 2198021, 2309565, 0, 1715548, 1502759, 1748457, 2108978, 2412320, 2310963, 497442, 1805992, 2074296, 1252260, 2213986, 2252341, 1667722, 1921532, 1089011, 909855], [890419, 2662666, 1002088, 3270461, 1860733, 885481, 642588, 1059927, 696760, 2756031, 564191, 267545, 906659, 1085776, 252067, 1283787, 1187413, 564942, 1028139, 332340, 991759, 1062106, 800475, 2443173, 1154039, 3111188, 1012937, 697403, 2053963, 821564, 599330, 1715548, 0, 1361568, 3288965, 518694, 988694, 681681, 1500980, 533192, 1710775, 2424983, 979188, 547162, 3274367, 213243, 630806, 1831435], [1090740, 1345191, 478297, 2132836, 803686, 2247028, 1971257, 1354028, 1211941, 1824985, 837425, 1103381, 755038, 425369, 1159395, 815705, 2536572, 1886158, 2389592, 1370131, 1112347, 759605, 582255, 1721437, 593527, 1989228, 2369322, 2049211, 758526, 2178832, 1696525, 1502759, 1361568, 0, 2381728, 1873279, 2350152, 1508166, 1011102, 966576, 579571, 1375426, 2319669, 1794534, 2454401, 1438538, 1090382, 887590], [3432419, 1577401, 2821245, 717455, 1581609, 4022951, 3909840, 3711602, 3492966, 559288, 2773151, 3048510, 2391994, 2331676, 3219951, 3192368, 4153703, 3841968, 4132115, 3066851, 2345441, 3134929, 2626981, 874179, 2179883, 693236, 4055802, 3924003, 1762026, 3904354, 3831253, 1748457, 3288965, 2381728, 0, 3756491, 4117641, 3741162, 1790398, 3170595, 2730955, 1015253, 3942405, 3833847, 235534, 3467086, 2678596, 1531872], [1210398, 3181321, 1484225, 3773868, 2370884, 387407, 167724, 1275387, 978189, 3235733, 1081532, 786058, 1404477, 1603504, 720632, 1681801, 734896, 146802, 532527, 691261, 1417680, 1476116, 1318866, 2896031, 1661177, 3613610, 547551, 178878, 2572645, 368340, 520279, 2108978, 518694, 1873279, 3756491, 0, 486092, 783979, 1967518, 971681, 2180748, 2925550, 565718, 305773, 3725824, 458670, 1078386, 2333356], [1673526, 3642124, 1969827, 4187777, 2803274, 103710, 453406, 1701149, 1439139, 3616243, 1539478, 1251216, 1829383, 2058624, 1204929, 2157790, 307830, 531009, 55933, 1078856, 1775847, 1956736, 1785453, 3246398, 2094193, 4026312, 155010, 329730, 3033470, 214370, 912526, 2412320, 988694, 2350152, 4117641, 486092, 0, 1203266, 2346871, 1457512, 2666717, 3338177, 286300, 698175, 4067056, 944278, 1471797, 2751996], [519771, 2849261, 1035441, 3608826, 2203493, 1125571, 751388, 498202, 309875, 3187916, 993800, 783516, 1380891, 1414362, 576559, 1027822, 1493466, 681640, 1258073, 1012412, 1586892, 871807, 1114443, 2941168, 1563092, 3457184, 1306562, 882513, 2265954, 1144846, 292950, 2310963, 681681, 1508166, 3741162, 783979, 1203266, 0, 2005835, 573097, 1624861, 2795754, 1346462, 506210, 3759772, 484021, 1235084, 2218651], [1798785, 1571849, 1264146, 1861027, 639010, 2249005, 2119647, 2083637, 1798235, 1270824, 1013238, 1269336, 625166, 703445, 1453536, 1737602, 2416717, 2051581, 2366126, 1280387, 575921, 1594519, 930683, 944732, 494348, 1699116, 2299437, 2136967, 1073470, 2136437, 2059974, 497442, 1500980, 1011102, 1790398, 1967518, 2346871, 2005835, 0, 1456989, 1578479, 1023215, 2197600, 2047495, 1774620, 1685673, 889133, 509203], [423987, 2311119, 524288, 3039528, 1631095, 1358934, 1038080, 675423, 343576, 2616194, 471322, 404494, 839484, 841477, 281152, 751034, 1691988, 951954, 1504131, 750784, 1106613, 528924, 544093, 2381223, 996837, 2886838, 1509448, 1135478, 1715790, 1320181, 730202, 1805992, 533192, 966576, 3170595, 971681, 1457512, 573097, 1456989, 0, 1209272, 2222939, 1494657, 838162, 3194170, 513258, 795314, 1645852], [1115104, 1397155, 710028, 2346062, 1237061, 2567766, 2242924, 1296703, 1316843, 2196103, 1284062, 1488053, 1307498, 990330, 1470037, 636641, 2894225, 2157144, 2712991, 1808842, 1676621, 753055, 1051356, 2186474, 1172021, 2225130, 2714459, 2344260, 971519, 2523880, 1876781, 2074296, 1710775, 579571, 2730955, 2180748, 2666717, 1624861, 1578479, 1209272, 0, 1720968, 2689646, 2028279, 2841041, 1722523, 1599533, 1360684], [2446665, 808158, 1829672, 849702, 593361, 3237516, 3065245, 2720463, 2528544, 476589, 1874229, 2166520, 1521327, 1384818, 2313927, 2180540, 3429096, 2989664, 3361923, 2259674, 1592750, 2133661, 1689879, 648325, 1272489, 688575, 3302941, 3101378, 761933, 3132317, 2919740, 1252260, 2424983, 1375426, 1015253, 2925550, 3338177, 2795754, 1023215, 2222939, 1720968, 0, 3207953, 2953741, 1121678, 2579696, 1866426, 593589], [1770814, 3569240, 1981276, 4054604, 2697375, 277127, 615364, 1840439, 1540582, 3457206, 1486645, 1219648, 1729196, 1990498, 1221651, 2228671, 223156, 669821, 257391, 977396, 1621692, 2015807, 1740693, 3068380, 1997557, 3892637, 142102, 482287, 2964076, 203008, 1070326, 2213986, 979188, 2319669, 3942405, 565718, 286300, 1346462, 2197600, 1494657, 2689646, 3207953, 0, 848660, 3879177, 996945, 1353466, 2632084], [983854, 3131415, 1362150, 3794088, 2378466, 619394, 245281, 1004403, 750048, 3297717, 1079572, 789263, 1445329, 1586812, 649603, 1480132, 987515, 178839, 752594, 829179, 1534173, 1291890, 1285058, 2990240, 1681638, 3636321, 801067, 376632, 2527767, 645716, 221707, 2252341, 547162, 1794534, 3833847, 305773, 698175, 506210, 2047495, 838162, 2028279, 2953741, 848660, 0, 3821359, 374423, 1175448, 2360819], [3478758, 1758506, 2875993, 948185, 1650866, 3974928, 3883044, 3761214, 3524066, 645247, 2777944, 3043304, 2391661, 2363926, 3223079, 3269699, 4086094, 3818512, 4078481, 3034564, 2308367, 3197075, 2650490, 831386, 2197574, 910264, 3997296, 3889198, 1882595, 3852883, 3832393, 1667722, 3274367, 2454401, 235534, 3725824, 4067056, 3759772, 1774620, 3194170, 2841041, 1121678, 3879177, 3821359, 0, 3460231, 2653292, 1580402], [784158, 2767033, 1029990, 3419669, 2004080, 846068, 533604, 908048, 564283, 2927894, 705473, 418644, 1075686, 1213285, 280627, 1231946, 1185417, 448006, 991196, 542965, 1195092, 1021392, 913016, 2630192, 1307973, 3261941, 1000582, 623259, 2161213, 813623, 388563, 1921532, 213243, 1438538, 3467086, 458670, 944278, 484021, 1685673, 513258, 1722523, 2579696, 996945, 374423, 3460231, 0, 833198, 1987013], [1215945, 2229601, 956138, 2715986, 1343913, 1371419, 1231481, 1468991, 1116889, 2158230, 364810, 451650, 383647, 689385, 659226, 1405911, 1576485, 1165351, 1495729, 394398, 361895, 1192210, 550340, 1822122, 650198, 2554516, 1440091, 1248388, 1632603, 1266337, 1220745, 1089011, 630806, 1090382, 2678596, 1078386, 1471797, 1235084, 889133, 795314, 1599533, 1866426, 1353466, 1175448, 2653292, 833198, 0, 1282328], [1901935, 1063913, 1295665, 1440514, 156215, 2650618, 2471992, 2182794, 1962646, 973713, 1281608, 1573094, 928885, 804380, 1723243, 1701007, 2854417, 2396177, 2777366, 1673226, 1036764, 1617406, 1106046, 836221, 679215, 1280433, 2722200, 2509698, 613771, 2548296, 2331241, 909855, 1831435, 887590, 1531872, 2333356, 2751996, 2218651, 509203, 1645852, 1360684, 593589, 2632084, 2360819, 1580402, 1987013, 1282328, 0]],
    "Coordinates": [[3346254, 874731], [957882, 1103018], [2771749, 1102773], [273667, 1848807], [1682233, 1698386], [4353168, 2099323], [4184655, 1764731], [3558291, 683464], [3504693, 1047534], [838648, 2277402], [2982958, 1670416], [3279412, 1694236], [2643041, 1857901], [2469722, 1575289], [3407296, 1530486], [2900011, 631781], [4508579, 2433559], [4107137, 1727141], [4471626, 2183336], [3377632, 2031877], [2678899, 2231031], [2978845, 843024], [2771669, 1527182], [1230578, 2533499], [2388742, 1771940], [433921, 1872486], [4402731, 2277983], [4223528, 1893172], [1545870, 1261057], [4241943, 2174134], [3989608, 1344243], [2101640, 2674532], [3542425, 1743272], [2300573, 1184998], [356845, 2561424], [4047514, 1861290], [4451926, 2130987], [3807117, 1115078], [2105508, 2177105], [3261413, 1290143], [2263869, 606590], [1122150, 1894305], [4294609, 2370192], [4056412, 1555646], [437432, 2782743], [3682983, 1582910], [2983248, 2035226], [1714179, 1851300]]
}
